0 0.1984375 0.2609375 0.3125 0.3125
14 0.5265625 0.8390625 0.96875 0.15625
0 0.1984375 0.5890625 0.3125 0.3125
10 0.6828125 0.971875 0.625 0.078125
7 0.6828125 0.065625 0.625 0.046875
7 0.6828125 0.065625 0.625 0.046875
2 0.8859375 0.33125 0.15625 0.078125
1 0.6828125 0.14375 0.625 0.078125
2 0.8859375 0.33125 0.15625 0.078125
1 0.6828125 0.2375 0.625 0.078125
12 0.8859375 0.425 0.15625 0.078125
13 0.58125 0.4484375 0.421875 0.3125
7 0.6828125 0.065625 0.625 0.046875
12 0.8859375 0.425 0.15625 0.078125
