2 0.1984375 0.3703125 0.1875 0.0625
7 0.5265625 0.096875 0.375 0.078125
2 0.1984375 0.2140625 0.1875 0.0625
7 0.5265625 0.9875 0.96875 0.046875
5 0.8 0.7609375 0.296875 0.0625
12 0.8 0.6828125 0.296875 0.0625
5 0.4875 0.7609375 0.296875 0.0625
2 0.1984375 0.2921875 0.1875 0.0625
2 0.1984375 0.4484375 0.1875 0.0625
3 0.64375 0.33125 0.609375 0.296875
12 0.4875 0.6828125 0.296875 0.0625
0 0.9484375 0.1046875 0.125 0.125
10 0.64375 0.6046875 0.609375 0.0625
1 0.5265625 0.9484375 0.96875 0.03125
10 0.64375 0.5265625 0.609375 0.0625
